#1 0
2 175.83
3 175.835
4 175.352
5 0
6 176.003
7 176.357
8 175.087
9 173.993
10 175.381
11 173.592
12 174.775
13 175.409
14 174.616
15 0
16 176.973
17 175.388
18 177.547
19 177.551
20 175.507
21 173.543
22 173.866
23 173.66
24 173.445
25 173.544
26 171.662
27 174.545
28 174.522
29 174.64
30 0
31 0
32 0
33 0
34 173.808
35 174.247
36 171.998
37 174.448
38 173.619
39 174.492
40 174.761
41 175.607
42 176.564
43 175.782
44 173.215
45 175.874
46 176.466
47 176.181
48 177.343
49 174.659
50 174.832
51 174.26
52 175.198
53 174.561
54 0
55 0
56 0
57 0
58 0
59 0
60 0
61 0
62 0
63 0
64 0
65 172.733
66 175.307
67 175.18
68 173.743
69 171.632
70 175.859
71 175.861
72 172.049
73 175.202
74 175.36
75 177.825
76 176.85
77 175.254
78 175.169
79 175.451
80 173.823
81 171.396
82 174.178
83 173.53
84 173.044
85 175.44
86 175.488
87 174.767
88 177.299
89 0
90 0
91 175.913
92 174.828
93 175.907
94 175.358
95 176.396
96 174.594
97 175.187
98 175.812
99 175.4
#100 0
