#1 0.000
2 0.000
3 0.000
4 118.200
5 0.000
6 112.200
7 120.500
8 126.700
9 114.700
10 124.600
11 121.800
12 119.700
13 0.000
14 0.000
15 0.000
16 119.600
17 119.600
18 109.300
19 0.000
20 0.000
21 0.000
22 124.900
23 121.500
24 120.700
25 129.700
26 120.900
27 119.500
28 122.200
29 120.300
30 131.200
31 114.300
32 0.000
33 0.000
34 0.000
35 116.200
36 119.900
37 113.600
38 123.700
39 126.100
40 123.500
41 125.100
42 126.200
43 117.800
44 0.000
45 122.000
46 124.900
47 0.000
48 0.000
49 125.800
50 111.000
51 119.600
52 121.500
53 118.200
54 131.000
55 113.200
56 122.200
57 121.800
58 121.500
59 124.500
60 124.400
61 0.000
62 122.200
63 130.500
64 120.100
65 123.800
66 115.600
67 116.500
68 120.300
69 121.100
70 121.000
71 117.700
72 0.000
73 0.000
74 120.100
75 114.000
76 120.100
77 110.500
78 122.400
79 124.400
80 119.300
81 127.200
82 131.200
83 127.600
84 114.600
85 119.900
86 119.600
87 121.700
88 122.900
89 113.800
90 0.000
91 112.200
92 124.700
93 128.500
94 122.200
95 121.600
96 121.500
97 114.300
98 0.000
#99 0.000
