#1 0.000
2 0.000
3 0.000
4 8.200
5 0.000
6 7.600
7 7.400
8 9.000
9 7.900
10 8.900
11 8.900
12 8.200
13 7.700
14 0.000
15 0.000
16 8.500
17 8.600
18 9.000
19 0.000
20 0.000
21 0.000
22 8.900
23 8.200
24 8.800
25 9.700
26 8.200
27 8.000
28 8.800
29 8.400
30 8.600
31 8.200
32 0.000
33 0.000
34 0.000
35 7.600
36 7.900
37 7.500
38 8.500
39 8.300
40 8.800
41 7.600
42 8.600
43 9.400
44 0.000
45 8.300
46 9.100
47 0.000
48 0.000
49 8.300
50 8.200
51 8.100
52 9.000
53 8.400
54 9.000
55 8.400
56 8.100
57 8.900
58 8.200
59 9.100
60 7.900
61 7.700
62 8.100
63 9.100
64 8.100
65 8.300
66 8.800
67 8.200
68 8.200
69 7.200
70 8.300
71 8.600
72 0.000
73 0.000
74 8.200
75 8.100
76 8.300
77 7.600
78 9.400
79 8.200
80 8.600
81 8.300
82 8.600
83 8.500
84 8.200
85 8.400
86 9.200
87 8.200
88 8.300
89 7.700
90 0.000
91 7.500
92 7.900
93 9.000
94 8.800
95 8.300
96 8.200
97 8.200
98 0.000
#99 0.000
