#1 0
2 61.116
3 56.008
4 55.836
5 0
6 62.949
7 56.15
8 61.593
9 55.094
10 60.846
11 56.403
12 56.534
13 59.462
14 52.726
15 64.056
16 53.315
17 55.341
18 54.714
19 45.606
20 54.538
21 59.893
22 51.391
23 57.953
24 53.374
25 51.793
26 54.139
27 56.325
28 60.204
29 57.323
30 46.749
31 0
32 0
33 0
34 0
35 55.101
36 61.042
37 55.157
38 60.963
39 52.854
40 53.907
41 53.107
42 54.57
43 54.688
44 45.539
45 54.566
46 57.955
47 62.088
48 58.775
49 56.029
50 61.025
51 54.641
52 53.934
53 57.807
54 0
55 0
56 0
57 0
58 0
59 0
60 0
61 0
62 0
63 0
64 0
65 55.755
66 54.143
67 57.03
68 56.033
69 60.307
70 56.775
71 55.511
72 58.736
73 63.161
74 60.3
75 59.086
76 56.567
77 55.565
78 55.183
79 56.965
80 51.226
81 53.071
82 54.1
83 60.563
84 51.37
85 57.178
86 64.59
87 63.465
88 53.61
89 0
90 0
91 63.769
92 55.326
93 60.61
94 61.742
95 56.707
96 57.064
97 53.069
98 56.914
99 54.845
#100 57.51
