#1 0.000
2 0.000
3 34.600
4 0.000
5 31.500
6 28.100
7 41.200
8 28.200
9 31.800
10 38.800
11 64.400
12 29.800
13 0.000
14 0.000
15 31.500
16 30.500
17 36.700
18 0.000
19 0.000
20 0.000
21 40.400
22 38.100
23 43.200
24 40.500
25 0.000
26 38.400
27 31.900
28 0.000
29 29.000
30 40.100
31 0.000
32 0.000
33 0.000
34 30.500
35 0.000
36 27.100
37 38.300
38 29.800
39 32.000
40 40.600
41 32.000
42 38.900
43 0.000
44 32.200
45 32.100
46 0.000
47 0.000
48 35.000
49 31.400
50 0.000
51 34.300
52 64.900
53 40.500
54 32.000
55 63.000
56 38.800
57 63.500
58 32.100
59 41.900
60 29.800
61 63.000
62 41.100
63 36.700
64 38.500
65 43.000
66 19.000
67 29.300
68 69.000
69 29.600
70 0.000
71 0.000
72 0.000
73 68.500
74 29.600
75 68.500
76 0.000
77 70.700
78 38.100
79 18.100
80 26.800
81 29.000
82 33.600
83 31.600
84 30.300
85 41.200
86 0.000
87 33.500
88 18.200
89 0.000
90 31.700
91 31.200
92 68.400
93 31.900
94 37.700
95 29.800
96 40.100
97 0.000
98 0.000
#99 0.000
