#1 0
2 0
3 8.438
4 9.481
5 0
6 0
7 9.301
8 8.502
9 9.12
10 9.158
11 8.554
12 9.45
13 8.966
14 8.393
15 0
16 9.141
17 9.002
18 8.878
19 8.928
20 7.945
21 8.468
22 9.009
23 10.472
24 9.088
25 8.276
26 9.707
27 9.765
28 8.944
29 9.087
30 8.226
31 0
32 0
33 0
34 0
35 7.287
36 8.042
37 8.098
38 8.079
39 8.927
40 9.176
41 9.064
42 8.91
43 9.836
44 8.925
45 7.895
46 8.776
47 8.913
48 8.594
49 8.114
50 7.932
51 8.53
52 8.177
53 9.212
54 0
55 0
56 0
57 0
58 0
59 0
60 0
61 0
62 0
63 0
64 0
65 9.267
66 8.263
67 9.204
68 9.028
69 8.384
70 8.599
71 8.831
72 8.336
73 0
74 8.15
75 9.173
76 7.901
77 7.217
78 8.7
79 9.587
80 8.874
81 9.197
82 9.499
83 9.129
84 9.114
85 7.817
86 8.128
87 7.595
88 8.133
89 0
90 0
91 0
92 8.84
93 8.608
94 9.157
95 8.893
96 8.801
97 8.558
98 7.559
99 8.299
#100 7.668
