#1 0.000
2 0.000
3 176.100
4 0.000
5 176.900
6 0.000
7 175.200
8 175.600
9 176.300
10 176.600
11 171.500
12 178.500
13 0.000
14 0.000
15 177.100
16 0.000
17 177.900
18 0.000
19 0.000
20 0.000
21 177.600
22 175.400
23 175.300
24 171.400
25 175.000
26 175.700
27 176.400
28 176.000
29 175.200
30 176.200
31 0.000
32 0.000
33 0.000
34 0.000
35 175.700
36 175.200
37 176.400
38 174.500
39 175.700
40 175.600
41 175.100
42 173.900
43 0.000
44 175.500
45 174.600
46 0.000
47 0.000
48 173.800
49 175.600
50 176.100
51 174.300
52 173.800
53 174.700
54 173.200
55 174.600
56 176.600
57 0.000
58 176.100
59 171.800
60 178.500
61 174.600
62 174.100
63 175.200
64 175.100
65 176.600
66 177.000
67 175.900
68 175.300
69 175.900
70 176.100
71 0.000
72 0.000
73 0.000
74 177.900
75 175.500
76 176.600
77 173.700
78 173.900
79 0.000
80 171.000
81 175.200
82 175.600
83 175.900
84 175.900
85 173.800
86 176.000
87 0.000
88 177.900
89 0.000
90 177.400
91 174.900
92 173.800
93 176.400
94 176.100
95 0.000
96 176.200
97 0.000
98 0.000
#99 0.000
