#1 0
2 39.038
3 30.011
4 34.562
5 0
6 32.121
7 32.797
8 42.07
9 33.219
10 34.18
11 39.504
12 65.469
13 33.382
14 30.619
15 31.604
16 19.988
17 32.813
18 37.311
19 0
20 33.905
21 63.31
22 42.152
23 43.623
24 41.778
25 41.773
26 41.691
27 41.379
28 33.722
29 67.776
30 0
31 0
32 0
33 0
34 0
35 40.574
36 41.256
37 32.759
38 34.225
39 46.277
40 44.009
41 45.853
42 34.37
43 37.415
44 0
45 32.065
46 30.636
47 38.996
48 30.705
49 31.044
50 34.858
51 32.573
52 30.747
53 65.905
54 0
55 0
56 0
57 0
58 0
59 0
60 0
61 0
62 0
63 0
64 0
65 47.14
66 46.914
67 42.217
68 41.365
69 70.324
70 30.061
71 41.149
72 70.336
73 32.034
74 73.081
75 30.067
76 34.126
77 43.726
78 32.991
79 43.245
80 24.349
81 43.588
82 34.009
83 35.948
84 41.707
85 36.278
86 31.295
87 70.051
88 42.948
89 0
90 0
91 32.051
92 35.437
93 39.032
94 34.116
95 33.735
96 28.413
97 41.936
98 29.987
99 41.381
#100 34.321
