#1 0
2 0
3 123.487
4 123.062
5 0
6 0
7 124.412
8 124.564
9 127.063
10 125.351
11 122.792
12 116.863
13 123.148
14 114.816
15 0
16 127.178
17 124.579
18 123.299
19 109.205
20 121.484
21 120.029
22 127.023
23 119.824
24 127.19
25 121.704
26 120.933
27 129.756
28 128.978
29 117.71
30 108.204
31 0
32 0
33 0
34 0
35 120.206
36 123.74
37 125.641
38 125.15
39 122.753
40 121.235
41 120.29
42 120.965
43 128.31
44 102.489
45 120.877
46 124.473
47 128.653
48 126.517
49 119.723
50 122.064
51 125.092
52 111.963
53 116.888
54 0
55 0
56 0
57 0
58 0
59 0
60 0
61 0
62 0
63 0
64 0
65 120.039
66 122.341
67 127.301
68 116.753
69 111.84
70 130.205
71 125.81
72 117.301
73 0
74 110.605
75 118.907
76 113.88
77 118.138
78 122.777
79 123.907
80 121.199
81 120.008
82 128.606
83 127.855
84 123.587
85 122.971
86 125.138
87 110.731
88 123.311
89 0
90 0
91 0
92 125.492
93 125.504
94 129.893
95 127.905
96 122.548
97 131.683
98 121.031
99 120.349
#100 125.322
