#1 0.000
2 0.000
3 55.300
4 0.000
5 0.000
6 56.600
7 60.700
8 55.800
9 62.400
10 58.200
11 57.000
12 58.500
13 0.000
14 0.000
15 64.300
16 57.000
17 53.900
18 0.000
19 0.000
20 0.000
21 54.100
22 61.800
23 56.400
24 53.400
25 0.000
26 57.500
27 61.900
28 64.800
29 56.500
30 56.500
31 0.000
32 0.000
33 0.000
34 57.800
35 0.000
36 56.300
37 60.500
38 54.300
39 54.800
40 53.800
41 54.400
42 55.600
43 0.000
44 55.500
45 54.100
46 0.000
47 0.000
48 55.600
49 62.600
50 0.000
51 54.500
52 57.600
53 54.600
54 54.000
55 59.700
56 58.200
57 61.100
58 59.600
59 59.600
60 58.500
61 59.700
62 59.500
63 58.900
64 61.400
65 54.400
66 52.500
67 56.100
68 61.400
69 57.100
70 0.000
71 0.000
72 0.000
73 66.200
74 59.200
75 65.700
76 0.000
77 59.900
78 57.600
79 52.000
80 60.600
81 56.500
82 61.200
83 58.300
84 58.100
85 55.400
86 59.800
87 59.900
88 53.800
89 0.000
90 64.100
91 55.200
92 61.900
93 61.900
94 57.700
95 58.000
96 56.500
97 0.000
98 0.000
#99 0.000
